est_rows: 2783
gt_rows: 36382
est_start: 1403636624.661720037
est_end: 1403636763.763679981
gt_start: 1403636580.838555813
gt_end: 1403636762.743555784
overlap_start: 1403636624.661720037
overlap_end: 1403636762.743555784
overlap_duration_s: 138.081835747
